# Created by Octave 7.1.0, Sat Oct 29 16:13:01 2022 GMT <unknown@T15PLUKA>
# name: model
# type: scalar struct
# ndims: 2
 1 1
# length: 18
# name: OCV0
# type: matrix
# rows: 1
# columns: 201
 2.8147077918052648 2.938684465935784 3.0151699685915858 3.0741119620510169 3.12544054453029 3.1708193661013357 3.2113181838326779 3.247633556666595 3.2806147715677021 3.3109243828083188 3.3384931271908997 3.3639872584665409 3.387806889276801 3.4097571611428097 3.4303406647773786 3.4496133283643333 3.467459890429144 3.4841935697293009 3.5001006476923369 3.5139847654000591 3.5256587635854513 3.5330752920111843 3.5364062977364825 3.5385276395465888 3.5407848751676974 3.5431658512665516 3.5455015124535385 3.5479705953094514 3.5506172418082005 3.553232471549324 3.5560206198873336 3.5589908445367571 3.5622273209672626 3.5657107873383285 3.5692320397717392 3.5734494360868019 3.5775254361362188 3.5823575923042443 3.5874441452230577 3.5928072559865125 3.5985576572041977 3.6043908661619266 3.6103777315457775 3.6163175179090135 3.6225361422579971 3.6284118602619317 3.6343498374539003 3.6404797765641081 3.6465032518416689 3.6529450805213717 3.6592874764683607 3.666151991587848 3.67273773940612 3.6788276371915485 3.6846821936535621 3.6905855808316486 3.6967577993549647 3.7033096442779998 3.7103696031756144 3.7175638198611587 3.7249552905753491 3.7315836226216721 3.7375898487529611 3.7425752501936733 3.7471925344365951 3.7515692145002348 3.7559641221655187 3.760100421708485 3.7642065899523138 3.7681885267465969 3.772030733296206 3.7756871266466985 3.7794085504342521 3.7828165369049684 3.7864518583566467 3.7899382496362688 3.7932487865144102 3.7965192803722894 3.799855293485074 3.8028057644202944 3.8057321045020434 3.8087072643283837 3.8118614190834386 3.8145203497220108 3.8173454806604314 3.8200247567471841 3.8226201920942957 3.8252784103113671 3.8278393744636081 3.8303028888874331 3.8327121557687707 3.8353084955067844 3.8378186346165259 3.8400525266903878 3.8424322869507668 3.8447196355874658 3.847202360521814 3.8496515126430664 3.8517557724827283 3.8541847603797081 3.856418175448316 3.8585693146765001 3.8606674408391726 3.8628358744123314 3.865127235471443 3.8673553859350598 3.8692882539202191 3.8716889619365582 3.8736487446843624 3.8757413941917584 3.8779296324540176 3.8801447261787398 3.882406653311838 3.8845995794803549 3.8866886001983656 3.888917711806672 3.8911140991110957 3.8933747734797333 3.8957599524608573 3.8980099816789626 3.9002953129559996 3.9026611332414292 3.9051186705037186 3.9075968732282615 3.9101066462564433 3.9127712754314872 3.915397360158686 3.9181977776396026 3.9210797602888436 3.9239266467691589 3.9272255170001586 3.930520193082685 3.9341910517965406 3.938307630706356 3.9422792455725086 3.946288480840157 3.950661754844182 3.9550512649828748 3.9596340353225683 3.964276802704195 3.9687946244174723 3.9733072283946913 3.9777062069225648 3.981569683141382 3.9854383433693159 3.98914727952232 3.9927158137735135 3.9959817312776149 3.9990550399599263 4.0021612255459615 4.0049581598871953 4.0078104913308339 4.0104864815903349 4.0130225087551121 4.0154120123066264 4.0175738330699549 4.0198362888688637 4.0219867835983738 4.0240759135898614 4.0258900757947442 4.0278421371548374 4.0298062038866149 4.0314095657497422 4.033224608115245 4.0348101897261248 4.0364514598904835 4.0380807578789764 4.0396786538131106 4.0411988981542892 4.0429354185294475 4.0445866664658512 4.0459562208579563 4.0477545888523512 4.049422040793373 4.0510796349534433 4.0529165378415239 4.0547014279652496 4.0564909002676179 4.0583271226177766 4.060379367449344 4.0624802645878892 4.0646944712479938 4.067002812149072 4.0693518548866914 4.0717099101088889 4.0744960169414846 4.0772156845271139 4.0802518984756588 4.0832515982194799 4.0865567003920429 4.090123579185259 4.0938441504085183 4.0979647708241274 4.1023630330095919 4.1070836775307047 4.1121439769420149 4.1177575710105021 4.1238244725081179 4.1304736366879737 4.1382668304622454 4.1487827301025364


# name: OCVrel
# type: matrix
# rows: 1
# columns: 201
