# Created by Octave 7.1.0, Sun May 08 16:57:15 2022 GMT <unknown@T15PLUKA>
# name: model
# type: scalar struct
# ndims: 2
 1 1
# length: 18
# name: OCV0
# type: matrix
# rows: 1
# columns: 201
 2.8147077918052652 2.938684465935784 3.0151699685915858 3.0741119620510169 3.12544054453029 3.1708193661013362 3.2113181838326779 3.247633556666595 3.2806147715677021 3.3109243828083188 3.3384931271909002 3.3639872584665409 3.387806889276801 3.4097571611428101 3.430340664777376 3.4496133283643329 3.467459890429144 3.4841935697293009 3.5001006476923369 3.5139847654000591 3.525658763585453 3.5330752920111839 3.536406297736483 3.5385276395465892 3.5407848751676969 3.543165851266552 3.545501512453539 3.5479705953094518 3.5506172418082 3.553232471549324 3.5560206198873341 3.5589908445367571 3.562227320967263 3.565710787338328 3.5692320397717392 3.5734494360868019 3.5775254361362192 3.5823575923042439 3.5874441452230581 3.592807255986513 3.5985576572041982 3.6043908661619302 3.610377731545781 3.616317517909013 3.6225361422579971 3.628411860261934 3.6343498374538998 3.6404797765641081 3.6465032518416689 3.652945080521373 3.6592874764683621 3.666151991587848 3.67273773940612 3.678827637191548 3.6846821936535599 3.690585580831649 3.6967577993549652 3.7033096442779998 3.7103696031756139 3.7175638198611591 3.7249552905753518 3.7315836226216721 3.7375898487529611 3.7425752501936751 3.7471925344365982 3.751569214500234 3.7559641221655191 3.760100421708485 3.7642065899523138 3.7681885267465969 3.772030733296206 3.775687126646698 3.7794085504342538 3.782816536904968 3.7864518583566471 3.7899382496362688 3.7932487865144102 3.7965192803722889 3.799855293485074 3.8028057644202939 3.8057321045020429 3.8087072643283841 3.811861419083439 3.8145203497220108 3.817345480660435 3.8200247567471841 3.8226201920942962 3.8252784103113671 3.8278393744636112 3.8303028888874331 3.8327121557687711 3.835308495506784 3.8378186346165259 3.8400525266903882 3.8424322869507672 3.8447196355874662 3.8472023605218109 3.8496515126430642 3.8517557724827309 3.8541847603797081 3.856418175448316 3.8585693146765001 3.860667440839173 3.8628358744123328 3.8651272354714452 3.8673553859350598 3.8692882539202191 3.8716889619365582 3.873648744684365 3.8757413941917558 3.877929632454018 3.8801447261787412 3.882406653311838 3.8845995794803532 3.8866886001983638 3.888917711806668 3.8911140991110971 3.8933747734797328 3.8957599524608568 3.8980099816789631 3.9002953129560001 3.9026611332414292 3.9051186705037191 3.907596873228262 3.9101066462564429 3.9127712754314898 3.9153973601586869 3.9181977776396031 3.9210797602888441 3.9239266467691571 3.9272255170001591 3.930520193082685 3.934191051796541 3.938307630706356 3.9422792455725091 3.9462884808401562 3.950661754844182 3.9550512649828748 3.9596340353225679 3.964276802704195 3.9687946244174719 3.9733072283946882 3.9777062069225622 3.981569683141382 3.9854383433693159 3.98914727952232 3.992715813773513 3.9959817312776158 3.9990550399599258 4.0021612255459624 4.0049581598871953 4.0078104913308286 4.0104864815903349 4.0130225087551121 4.0154120123066264 4.0175738330699549 4.0198362888688637 4.0219867835983738 4.0240759135898614 4.0258900757947442 4.0278421371548374 4.0298062038866149 4.0314095657497457 4.033224608115245 4.0348101897261248 4.0364514598904826 4.0380807578789764 4.0396786538131089 4.0411988981542892 4.0429354185294466 4.0445866664658467 4.0459562208579563 4.047754588852353 4.049422040793373 4.0510796349534406 4.0529165378415239 4.0547014279652496 4.0564909002676179 4.0583271226177766 4.0603793674493431 4.0624802645878892 4.0646944712479938 4.067002812149072 4.0693518548866914 4.0717099101088889 4.074496016941481 4.0772156845271139 4.0802518984756588 4.0832515982194799 4.0865567003920429 4.090123579185259 4.0938441504085183 4.09796477082413 4.1023630330095928 4.1070836775307074 4.1121439769420167 4.1177575710105021 4.1238244725081179 4.1304736366879737 4.1382668304622454 4.1487827301025364


# name: OCVrel
# type: matrix
# rows: 1
# columns: 201
